$ANSIBLE_VAULT;1.1;AES256
30366336326665363534373331386535653833613934313965643266366266323333363233313862
3837646434383131643063636632313865393733386532330a333232393031363766333161386535
31643333393435333166666364666430646238353662626231616137313465616439383037613764
3564353462623537610a346631336664643463396635613462396166303533336265326236383563
34366533313138306230383731666137393863623237333565666562336265356530396235633737
30323130333739313032616231343034393762306165373030613839633233363336373530306636
33656462343430653132316532353336663264623863333331353333396637396465653566613036
38333862666664303236323432353831333061656461623633313963303361383261383539663338
61313537663238633434616330373838353039396133313066633334326634613865353233656661
35623565636661663934313932323437303463346364306233353363323730376236616131316165
30353636363266356461306132653234666435376365393265613437323365313136373735653661
35623764303932333238656166623261646361333264396133363636383265323331633939306465
39376364336165656331613931383266343362333163326434303632616531376136376636323866
34366537666462323538353031393737393832343065616563656362356238353433336232626434
36646634626636326663383934333163653338363133313062366464663165643236653238396638
32613735386139646438333239353031663735616462393761643133356662656337313130383137
31626132636430356462326561636330623834393964356261353036336465333036393631373937
33313261376439393663613935393438333532376366323164303134323563363431383836396638
66663934363235623261393332653166633938353661653638393636663665646166656565623232
30303630663562613131666231326263656165353637333131633737633934663237613232343031
34623933393863623166633832353936623264333331313330613738353538393935323737336234
62633437626662653935636637623736333733316164366434626635346131616532323430313634
33326337636638633337646132323137653033363230616331643830663037316164343965336338
32616232376561626231663662366139303861623638366630663462646365623931346635613939
3766
